[splash_screen.jpg]
filters=Orton=1,25.000000,52.046783,0.000000;Vignette=1,35.000000,1.400000,0.000000,00000000;
moddate=0000c6c1dccf0000
width=1100
height=650
textactive=0
